5555555                                          
5115335                                          
5555555                                          
5aa5445                                          
5555555                                          
                                                 
                                                 
                                                 
                                                 
                                                 
                                                 
                                                 
                                                 
                                                 
                                                 
                                                 
                                                 
                                                 
